-0.30789
-0.46643
-0.61161
-0.98436
-1.1842
-1.0717
-1.1232
3.4834
-1.2569
-3.6627
-0.34382
-0.42455
-0.42274
-0.35165
1.0684
3.5849
1.4642
-6.0218
3.2597
3.4882
0
-1.7092
-2.493
-3.0743
-4.6986
-3.9479
2.7746
0.80431
-1.7193
4.7135
-8.4224
-2.5406
-3.3601
-3.8884
-5.1481
-3.4348
2.788
0.033253
-1.125
2.8176
-3.287
0
2.0575
2.9189
3.542
4.8857
1.1396
-10.839
4.8183
1.3455
-8.5035
11.222
3.1189
4.0589
4.6241
5.5563
1.1626
-8.5523
6.7897
0.68921
-7.2489
2.4712
0
-0.15802
-0.22976
-0.28254
-0.42737
-0.33052
0.3379
0.15351
-0.16809
0.5471
-0.71494
-0.23632
-0.31234
-0.36167
-0.47663
-0.30766
0.27947
0.040342
0.004602
0.30148
-0.3046
0
-0.70713
-1.0219
-1.2549
-1.8489
-1.1479
2.1188
0.2913
-0.99737
2.4584
-3.383
-1.0505
-1.3779
-1.5806
-1.9993
-0.85045
2.1939
0.051219
-1.0436
1.843
-0.71356
0
-0.040015
-0.059779
-0.076664
-0.12142
-0.13295
-0.067793
-0.11819
0.18611
-0.08728
-0.37412
-0.050316
-0.064118
-0.068775
-0.074366
0.055797
0.31854
0.16712
-0.37926
0.32404
0.24968
0
0.11935
0.16753
0.20196
0.26759
-0.004596
-0.77132
0.2463
0.055357
-0.39298
0.76809
0.18294
0.23668
0.26869
0.31195
0.008687
-0.60865
0.31946
0.0071582
-0.27307
0.26777
0
-0.0080325
-0.01138
-0.013817
-0.018627
0.00025082
0.058209
0.047713
0.001992
-0.044865
-0.073957
-0.011896
-0.01544
-0.017423
-0.020781
-0.0056992
0.024062
-0.10668
-0.0064027
0.10402
0.030219
0
