0.0022723
0.0029701
0.0041584
0
0.0080131
0.0044979
0.24881
0.99273
0.23762
0.067074
0.003555
0.003856
0.0043699
0.0036753
-0.0023506
-0.038489
-0.2813
-1.0102
-0.2858
0.0081806
-0.0058167
-0.54482
-0.74228
-1.0576
0
-2.0848
-1.4824
3.7224
1.3275
3.9459
-3.398
-0.92163
-1.1606
-1.5043
-1.9744
-2.5231
-2.035
3.9125
1.3104
3.9711
-3.2608
0.9716
-0.12688
-0.23498
-0.43831
0
-2.0615
-4.3487
3.5112
-0.26611
-4.3465
5.2941
-0.076055
-0.15117
-0.32657
-0.7696
-1.9025
-4.3111
3.3975
-0.13604
-4.4839
5.3842
-0.13378
-0.04771
-0.064998
-0.0926
0
-0.18239
-0.12911
0.32834
0.11769
0.34798
-0.297
-0.080715
-0.10164
-0.13172
-0.17286
-0.22081
-0.17756
0.34488
0.1163
0.35004
-0.28503
0.052492
-0.15556
-0.21155
-0.30051
0
-0.57563
-0.3446
1.2398
-0.19188
1.3028
-0.88058
-0.26372
-0.33158
-0.42864
-0.55893
-0.70115
-0.4997
1.297
-0.19949
1.3133
-0.83833
0.14553
-0.0014724
-0.0026068
-0.0049508
0
-0.025583
-0.09992
-0.19537
0.16032
-0.19705
-0.096338
0.0031759
0.0043049
0.0070965
0.01328
0.030744
0.092214
0.20784
-0.15671
0.21111
0.070612
0.0014896
-0.02113
-0.039444
-0.074244
0
-0.3565
-0.7905
0.2391
-0.047257
-0.38838
0.95222
-0.012024
-0.024706
-0.054573
-0.13064
-0.32861
-0.77928
0.21922
-0.023864
-0.412
0.96778
-0.02377
0.00027896
0.00043428
0.00075453
0
0.0039757
0.015921
0.095734
0.0001979
-0.09993
-0.015029
0.00031324
0.00036557
0.00036086
"9.192e-005"
-0.0016833
-0.014032
-0.098474
-0.00089344
0.097239
0.016933
-0.00030873
