0.019117
0.0081816
-0.027657
-0.11002
-0.5607
-1.8782
-1.4746
3.6595
-2.4658
-2.1595
0.14135
0.21396
0.31236
0.59595
1.5599
2.7322
1.2139
-5.9539
2.3477
3.8632
-0.058088
-0.13278
-0.20495
-0.25914
-0.48344
-0.94223
-1.1133
-0.8896
-0.87055
-1.1146
-1.1757
-0.20162
-0.28187
-0.34448
-0.57983
-1.0657
-1.3228
-1.173
-0.79793
-1.5791
-1.4789
-0.28004
-0.13588
-0.26457
-0.37487
-0.97897
-3.0423
-5.4294
7.1751
0.16452
-0.39469
1.1397
-0.13534
-0.22394
-0.30663
-0.79976
-2.1337
-2.8328
8.4681
0.23419
-1.1317
-0.044471
0.38963
-0.0071955
-0.010857
-0.0132
-0.024094
-0.042964
-0.034068
-0.0085491
-0.086886
-0.010485
-0.021626
-0.012544
-0.017843
-0.022621
-0.039572
-0.081004
-0.11381
-0.075067
0.03589
-0.11916
-0.13162
-0.026792
0.00014584
0.0046048
0.0080892
0.042201
0.2006
0.37449
-0.46866
-0.61657
-0.15635
-0.13178
-0.0011498
0.0030908
0.0093962
0.050272
0.21245
0.34966
-0.48998
-0.89685
-0.12958
0.097619
-0.12564
0.00078299
-0.00056603
-0.0038086
-0.012332
-0.055168
-0.16841
-0.16203
0.20808
-0.2381
-0.18658
0.010215
0.015543
0.022938
0.043858
0.11711
0.21216
0.1359
-0.3708
0.21026
0.29647
-0.0072471
-0.011162
-0.021889
-0.031104
-0.081361
-0.25342
-0.44946
0.38653
-0.014911
0.089506
0.16817
-0.010698
-0.018157
-0.024693
-0.066245
-0.18744
-0.26833
0.41933
-0.019916
0.090918
0.11809
0.023183
0.00077206
0.0013987
0.0019063
0.0049146
0.017037
0.036495
0.038252
0.0067324
-0.077414
-0.033484
0.0011668
0.0017522
0.00237
0.0047329
0.0075324
0.001103
-0.11342
-0.0045762
0.079463
0.040317
-0.001564
