-0.11533
-1.1593
2.4446
-1.1534
-0.20833
-0.0040757
0.022472
0.03919
0.037606
0.037334
1.2069
1.2181
-4.0063
1.2194
1.099
0.37938
0.24695
0.16712
0.1154
0.080143
-0.030579
-1.2117
-0.91776
-1.5142
-0.92795
-1.0308
-0.59261
-0.46124
-0.36746
-0.29273
-0.23756
-1.4963
-2.0169
-0.67884
-2.0229
-1.2433
-0.56878
-0.41392
-0.30725
-0.2299
-0.17456
-0.34471
-12.976
3.7096
-0.59591
-4.6091
11.4
3.2524
1.96
1.2555
0.85426
0.62628
-10.162
4.5924
-0.22004
-6.3855
9.3288
3.1561
2.0047
1.3434
0.90756
0.63704
-0.14159
-0.057095
-0.0071842
-0.11328
-0.0079737
-0.04412
-0.028773
-0.02309
-0.018923
-0.015247
-0.012538
-0.10277
-0.13595
0.038478
-0.13649
-0.086292
-0.036687
-0.026041
-0.018964
-0.013971
-0.010439
-0.02985
-0.054593
0.057666
-0.66996
0.05951
-0.057175
-0.058409
-0.047644
-0.038418
-0.031
-0.02519
-0.045262
-0.077023
-0.68039
-0.074042
-0.034745
-0.039145
-0.03209
-0.025515
-0.019994
-0.01579
-0.086705
-0.018211
-0.1908
0.16627
-0.18988
-0.035872
-0.0043206
-0.000045566
0.0024693
0.0027926
0.0030495
0.133
0.17648
-0.32745
0.17727
0.11573
0.039391
0.025486
0.017149
0.011773
0.0081304
-0.0076482
-0.99365
0.1618
-0.04602
-0.23133
0.87298
0.24737
0.14889
0.095303
0.064807
0.047483
-0.78896
0.18079
-0.01753
-0.31815
0.72474
0.24165
0.15314
0.10243
0.06913
0.048442
-0.010927
0.043387
0.049727
0.0020177
-0.046538
-0.038398
-0.010213
-0.0060355
-0.0038137
-0.002569
-0.001879
0.022476
-0.081802
0.00098128
0.087362
-0.01988
-0.0081143
-0.0053228
-0.0036442
-0.0024974
-0.001776
0.00048579
