0.017966
0.10909
0.28017
0.87842
0.30942
0.040307
0.016506
0.0079165
0.0043131
0.0024852
-0.011688
-0.042094
-0.17124
-1.0748
-0.1902
-0.025704
-0.013091
-0.0077133
-0.0046959
-0.0029687
0.0053627
-0.0015268
0.00068843
0.0087439
0.03366
-0.0023086
-0.0035821
-0.0027397
-0.0020927
-0.0016088
-0.0013279
-0.003578
-0.0087256
-0.019415
-0.090576
-0.031006
-0.0071702
-0.0042351
-0.0027748
-0.0018928
-0.0013609
0.27344
0.38138
1.4568
2.5496
-0.29417
-2.9372
-0.53866
-0.27153
-0.15543
-0.096952
-0.067818
0.33933
1.2318
1.8614
-0.34242
-2.396
-0.51665
-0.27607
-0.16474
-0.10436
-0.069816
-0.089184
0
0
0
0
0
0
0
0
0
0
0
0
0
0
0
0
0
0
0
0
0
0.03123
0.1507
0.23579
-0.51273
0.22762
0.039893
0.016538
0.0077641
0.0040019
0.0022956
0.023722
0.10351
0.094102
-0.58425
0.084207
0.025214
0.010938
0.0052237
0.0027587
0.0016074
-0.06437
0
0
0
0
0
0
0
0
0
0
0
0
0
0
0
0
0
0
0
0
0
0
0
0
0
0
0
0
0
0
0
0
0
0
0
0
0
0
0
0
0
0
0
0
0
0
0
0
0
0
0
0
0
0
0
0
0
0
0
0
0
0
0
