0.0023926
0.013262
0.03516
0.29133
0.87652
0.29772
0.09974
0.038746
0.017429
0.0092484
-0.0075808
-0.015681
-0.030563
-0.18743
-1.0729
-0.15901
-0.040382
-0.016098
-0.0079982
-0.0042662
0.0043936
-0.0015231
-0.0028803
-0.003695
-0.0072325
0.064759
-0.014047
-0.010164
-0.0059608
-0.0037306
-0.0026395
-0.0023226
-0.004536
-0.0070261
-0.028305
-0.054586
-0.031817
-0.015816
-0.0083481
-0.0048419
-0.0030964
0.27772
0.12947
0.34747
0.59073
3.0346
0.25752
-2.5706
-1.1024
-0.51636
-0.26881
-0.16206
0.1198
0.31316
0.51359
2.4058
0.2972
-1.937
-0.96472
-0.49101
-0.27083
-0.16475
0.099024
0
0
0
0
0
0
0
0
0
0
0
0
0
0
0
0
0
0
0
0
0
0.0049221
0.01734
0.034587
0.23119
-0.43629
0.19401
0.091506
0.038716
0.018
0.0097726
0.0034031
0.012303
0.021993
0.10306
-0.49807
0.077911
0.058953
0.028522
0.014264
0.008107
-0.051781
0
0
0
0
0
0
0
0
0
0
0
0
0
0
0
0
0
0
0
0
0
0
0
0
0
0
0
0
0
0
0
0
0
0
0
0
0
0
0
0
0
0
0
0
0
0
0
0
0
0
0
0
0
0
0
0
0
0
0
0
0
0
0
